100000 Магазин_3% 0932911161 no_descr--------------------Чт_авг_30_10:07:27_2018--------------------745240__----------------------------------------------------------------------_Скидка_=_-0_К_оплате:_--__Оплачено:_грн._Сдача:_--___ 11473 0 3
100001 Магазин_15% 0932911161 no_description 0 0 15
100002 Магазин_7% 0932911161 no_description 9116 0 7
100003 Купава_Юрец 0636779699 Спидометр_64988-02/04/2018__66800-14.05.18 0 0 0
100004 Миша_баракуда 0989831835 обещал_занести_05.04.2018 0 416 0
100005 Саша_барабой 0969549544 no_description 0 0 0
100006 Коля_морепродукты 0962917051 12.04_пробег_36743_25.06_38123 0 0 0
100007 Рома_ZR 0969302889 no_description 0 0 0
100008 Ал-ка_ЕлиПили_Виталик 0731447374 м 0 0 0
100009 Виталик_AF68 0988059041 no_description 0 78 0
100010 Владимир_САДЫ 0677361293 no_description 983 0 10
100011 шм 0638238860 Долг_вернул_через_2_месяца 0 0 0
100012 Миша_AF18 0930220268 no_description 0 0 0
100013 Жека_лада_ремонт 0933352490 no_description 470 0 12
100014 Саша_Винница_Мебель 0637843152 no_description 0 0 0
100015 Магазин_12% 0932911161 no_description 14827 0 12
100016 Сергей_Леад_20 0634639555 набрать_когда_аммортизатор 0 0 0
100017 Жекин_клиент 0933352490 клиенты_жеки 0 0 3
100018 Вован_Баб 0965104925 22.09 0 248 0
100019 Федя_Вита 1111111 вилка_и_привод_щека_ролики_кольца_прокладки_гайки7_кольцоГлуш 0 0 0
100020 Костя_ALPHA_Александровка 0968575884 no_description 186 0 7
100021 Марек 0963189035 no_description 0 0 0
100022 Валера_APRIO_друг_Тоса 0638233640 no_description 0 0 0
100023 Леня_RACE 0983942379 no_description 0 0 0
100024 Леша_Безвизюк_ 0936275773 no_description 943 0 3
100025 Сергей_Афганец_ремонт 0668552320 no_description 0 0 12
100026 Графин 454545 no_description 0 219 0
100027 Вова_Басов 00000000 no_description 0 0 12
